STATIONS_ID;MESS_DATUM;QN;RS_01;RS_IND_01;eor
         73;202303310000;    2;   0.00;-999;eor
         73;202303310001;    2;   0.00;-999;eor
         73;202303310002;    2;   0.00;-999;eor
         73;202303310003;    2;   0.00;-999;eor
         73;202303310004;    2;   0.00;-999;eor
         73;202303310005;    2;   0.00;-999;eor
         73;202303310006;    2;   0.00;-999;eor
         73;202303310007;    2;   0.00;-999;eor
         73;202303310008;    2;   0.00;-999;eor
         73;202303310009;    2;   0.00;-999;eor
         73;202303310010;    2;   0.00;-999;eor
         73;202303310011;    2;   0.00;-999;eor
         73;202303310012;    2;   0.00;-999;eor
         73;202303310013;    2;   0.00;-999;eor
         73;202303310014;    2;   0.00;-999;eor
         73;202303310015;    2;   0.00;-999;eor
         73;202303310016;    2;   0.00;-999;eor
         73;202303310017;    2;   0.00;-999;eor
         73;202303310018;    2;   0.00;-999;eor
         73;202303310019;    2;   0.00;-999;eor
         73;202303310020;    2;   0.00;-999;eor
         73;202303310021;    2;   0.00;-999;eor
         73;202303310022;    2;   0.00;-999;eor
         73;202303310023;    2;   0.00;-999;eor
         73;202303310024;    2;   0.00;-999;eor
         73;202303310025;    2;   0.00;-999;eor
         73;202303310026;    2;   0.00;-999;eor
         73;202303310027;    2;   0.00;-999;eor
         73;202303310028;    2;   0.00;-999;eor
         73;202303310029;    2;   0.00;-999;eor
         73;202303310030;    2;   0.00;-999;eor
         73;202303310031;    2;   0.00;-999;eor
         73;202303310032;    2;   0.00;-999;eor
         73;202303310033;    2;   0.00;-999;eor
         73;202303310034;    2;   0.00;-999;eor
         73;202303310035;    2;   0.00;-999;eor
         73;202303310036;    2;   0.00;-999;eor
         73;202303310037;    2;   0.00;-999;eor
         73;202303310038;    2;   0.00;-999;eor
         73;202303310039;    2;   0.00;-999;eor
         73;202303310040;    2;   0.00;-999;eor
         73;202303310041;    2;   0.00;-999;eor
         73;202303310042;    2;   0.00;-999;eor
         73;202303310043;    2;   0.00;-999;eor
         73;202303310044;    2;   0.00;-999;eor
         73;202303310045;    2;   0.00;-999;eor
         73;202303310046;    2;   0.00;-999;eor
         73;202303310047;    2;   0.00;-999;eor
         73;202303310048;    2;   0.00;-999;eor
         73;202303310049;    2;   0.00;-999;eor
         73;202303310050;    2;   0.00;-999;eor
         73;202303310051;    2;   0.00;-999;eor
         73;202303310052;    2;   0.00;-999;eor
         73;202303310053;    2;   0.00;-999;eor
         73;202303310054;    2;   0.00;-999;eor
         73;202303310055;    2;   0.00;-999;eor
         73;202303310056;    2;   0.00;-999;eor
         73;202303310057;    2;   0.00;-999;eor
         73;202303310058;    2;   0.00;-999;eor
         73;202303310059;    2;   0.00;-999;eor
         73;202303310100;    2;   0.00;-999;eor
         73;202303310101;    2;   0.00;-999;eor
         73;202303310102;    2;   0.00;-999;eor
         73;202303310103;    2;   0.00;-999;eor
         73;202303310104;    2;   0.00;-999;eor
         73;202303310105;    2;   0.00;-999;eor
         73;202303310106;    2;   0.00;-999;eor
         73;202303310107;    2;   0.00;-999;eor
         73;202303310108;    2;   0.00;-999;eor
         73;202303310109;    2;   0.00;-999;eor
         73;202303310110;    2;   0.00;-999;eor
         73;202303310111;    2;   0.00;-999;eor
         73;202303310112;    2;   0.00;-999;eor
         73;202303310113;    2;   0.00;-999;eor
         73;202303310114;    2;   0.00;-999;eor
         73;202303310115;    2;   0.00;-999;eor
         73;202303310116;    2;   0.00;-999;eor
         73;202303310117;    2;   0.00;-999;eor
         73;202303310118;    2;   0.00;-999;eor
         73;202303310119;    2;   0.00;-999;eor
         73;202303310120;    2;   0.00;-999;eor
         73;202303310121;    2;   0.00;-999;eor
         73;202303310122;    2;   0.00;-999;eor
         73;202303310123;    2;   0.00;-999;eor
         73;202303310124;    2;   0.00;-999;eor
         73;202303310125;    2;   0.00;-999;eor
         73;202303310126;    2;   0.00;-999;eor
         73;202303310127;    2;   0.00;-999;eor
         73;202303310128;    2;   0.00;-999;eor
         73;202303310129;    2;   0.00;-999;eor
         73;202303310130;    2;   0.00;-999;eor
         73;202303310131;    2;   0.00;-999;eor
         73;202303310132;    2;   0.00;-999;eor
         73;202303310133;    2;   0.00;-999;eor
         73;202303310134;    2;   0.00;-999;eor
         73;202303310135;    2;   0.00;-999;eor
         73;202303310136;    2;   0.00;-999;eor
         73;202303310137;    2;   0.00;-999;eor
         73;202303310138;    2;   0.00;-999;eor
         73;202303310139;    2;   0.00;-999;eor
         73;202303310140;    2;   0.00;-999;eor
         73;202303310141;    2;   0.00;-999;eor
         73;202303310142;    2;   0.00;-999;eor
         73;202303310143;    2;   0.00;-999;eor
         73;202303310144;    2;   0.00;-999;eor
         73;202303310145;    2;   0.00;-999;eor
         73;202303310146;    2;   0.00;-999;eor
         73;202303310147;    2;   0.00;-999;eor
         73;202303310148;    2;   0.00;-999;eor
         73;202303310149;    2;   0.00;-999;eor
         73;202303310150;    2;   0.00;-999;eor
         73;202303310151;    2;   0.00;-999;eor
         73;202303310152;    2;   0.00;-999;eor
         73;202303310153;    2;   0.00;-999;eor
         73;202303310154;    2;   0.00;-999;eor
         73;202303310155;    2;   0.00;-999;eor
         73;202303310156;    2;   0.00;-999;eor
         73;202303310157;    2;   0.00;-999;eor
         73;202303310158;    2;   0.00;-999;eor
         73;202303310159;    2;   0.00;-999;eor
         73;202303310200;    2;   0.00;-999;eor
         73;202303310201;    2;   0.00;-999;eor
         73;202303310202;    2;   0.00;-999;eor
         73;202303310203;    2;   0.00;-999;eor
         73;202303310204;    2;   0.00;-999;eor
         73;202303310205;    2;   0.00;-999;eor
         73;202303310206;    2;   0.00;-999;eor
         73;202303310207;    2;   0.00;-999;eor
         73;202303310208;    2;   0.00;-999;eor
         73;202303310209;    2;   0.00;-999;eor
         73;202303310210;    2;   0.00;-999;eor
         73;202303310211;    2;   0.00;-999;eor
         73;202303310212;    2;   0.00;-999;eor
         73;202303310213;    2;   0.00;-999;eor
         73;202303310214;    2;   0.00;-999;eor
         73;202303310215;    2;   0.00;-999;eor
         73;202303310216;    2;   0.00;-999;eor
         73;202303310217;    2;   0.00;-999;eor
         73;202303310218;    2;   0.00;-999;eor
         73;202303310219;    2;   0.00;-999;eor
         73;202303310220;    2;   0.00;-999;eor
         73;202303310221;    2;   0.00;-999;eor
         73;202303310222;    2;   0.00;-999;eor
         73;202303310223;    2;   0.00;-999;eor
         73;202303310224;    2;   0.00;-999;eor
         73;202303310225;    2;   0.00;-999;eor
         73;202303310226;    2;   0.00;-999;eor
         73;202303310227;    2;   0.00;-999;eor
         73;202303310228;    2;   0.00;-999;eor
         73;202303310229;    2;   0.00;-999;eor
         73;202303310230;    2;   0.00;-999;eor
         73;202303310231;    2;   0.00;-999;eor
         73;202303310232;    2;   0.00;-999;eor
         73;202303310233;    2;   0.00;-999;eor
         73;202303310234;    2;   0.00;-999;eor
         73;202303310235;    2;   0.00;-999;eor
         73;202303310236;    2;   0.00;-999;eor
         73;202303310237;    2;   0.00;-999;eor
         73;202303310238;    2;   0.00;-999;eor
         73;202303310239;    2;   0.00;-999;eor
         73;202303310240;    2;   0.00;-999;eor
         73;202303310241;    2;   0.00;-999;eor
         73;202303310242;    2;   0.00;-999;eor
         73;202303310243;    2;   0.00;-999;eor
         73;202303310244;    2;   0.00;-999;eor
         73;202303310245;    2;   0.00;-999;eor
         73;202303310246;    2;   0.00;-999;eor
         73;202303310247;    2;   0.00;-999;eor
         73;202303310248;    2;   0.00;-999;eor
         73;202303310249;    2;   0.00;-999;eor
         73;202303310250;    2;   0.00;-999;eor
         73;202303310251;    2;   0.00;-999;eor
         73;202303310252;    2;   0.00;-999;eor
         73;202303310253;    2;   0.00;-999;eor
         73;202303310254;    2;   0.00;-999;eor
         73;202303310255;    2;   0.00;-999;eor
         73;202303310256;    2;   0.00;-999;eor
         73;202303310257;    2;   0.00;-999;eor
         73;202303310258;    2;   0.00;-999;eor
         73;202303310259;    2;   0.00;-999;eor
         73;202303310300;    2;   0.00;-999;eor
         73;202303310301;    2;   0.00;-999;eor
         73;202303310302;    2;   0.00;-999;eor
         73;202303310303;    2;   0.00;-999;eor
         73;202303310304;    2;   0.00;-999;eor
         73;202303310305;    2;   0.00;-999;eor
         73;202303310306;    2;   0.00;-999;eor
         73;202303310307;    2;   0.00;-999;eor
         73;202303310308;    2;   0.00;-999;eor
         73;202303310309;    2;   0.00;-999;eor
         73;202303310310;    2;   0.00;-999;eor
         73;202303310311;    2;   0.00;-999;eor
         73;202303310312;    2;   0.00;-999;eor
         73;202303310313;    2;   0.00;-999;eor
         73;202303310314;    2;   0.00;-999;eor
         73;202303310315;    2;   0.00;-999;eor
         73;202303310316;    2;   0.00;-999;eor
         73;202303310317;    2;   0.00;-999;eor
         73;202303310318;    2;   0.00;-999;eor
         73;202303310319;    2;   0.00;-999;eor
         73;202303310320;    2;   0.00;-999;eor
         73;202303310321;    2;   0.00;-999;eor
         73;202303310322;    2;   0.00;-999;eor
         73;202303310323;    2;   0.00;-999;eor
         73;202303310324;    2;   0.00;-999;eor
         73;202303310325;    2;   0.00;-999;eor
         73;202303310326;    2;   0.00;-999;eor
         73;202303310327;    2;   0.00;-999;eor
         73;202303310328;    2;   0.00;-999;eor
         73;202303310329;    2;   0.00;-999;eor
         73;202303310330;    2;   0.00;-999;eor
         73;202303310331;    2;   0.00;-999;eor
         73;202303310332;    2;   0.00;-999;eor
         73;202303310333;    2;   0.00;-999;eor
         73;202303310334;    2;   0.00;-999;eor
         73;202303310335;    2;   0.00;-999;eor
         73;202303310336;    2;   0.00;-999;eor
         73;202303310337;    2;   0.00;-999;eor
         73;202303310338;    2;   0.00;-999;eor
         73;202303310339;    2;   0.00;-999;eor
         73;202303310340;    2;   0.00;-999;eor
         73;202303310341;    2;   0.00;-999;eor
         73;202303310342;    2;   0.00;-999;eor
         73;202303310343;    2;   0.00;-999;eor
         73;202303310344;    2;   0.00;-999;eor
         73;202303310345;    2;   0.00;-999;eor
         73;202303310346;    2;   0.00;-999;eor
         73;202303310347;    2;   0.00;-999;eor
         73;202303310348;    2;   0.00;-999;eor
         73;202303310349;    2;   0.00;-999;eor
         73;202303310350;    2;   0.00;-999;eor
         73;202303310351;    2;   0.00;-999;eor
         73;202303310352;    2;   0.00;-999;eor
         73;202303310353;    2;   0.00;-999;eor
         73;202303310354;    2;   0.00;-999;eor
         73;202303310355;    2;   0.00;-999;eor
         73;202303310356;    2;   0.00;-999;eor
         73;202303310357;    2;   0.00;-999;eor
         73;202303310358;    2;   0.00;-999;eor
         73;202303310359;    2;   0.00;-999;eor
         73;202303310400;    2;   0.00;-999;eor
         73;202303310401;    2;   0.00;-999;eor
         73;202303310402;    2;   0.00;-999;eor
         73;202303310403;    2;   0.00;-999;eor
         73;202303310404;    2;   0.00;-999;eor
         73;202303310405;    2;   0.00;-999;eor
         73;202303310406;    2;   0.00;-999;eor
         73;202303310407;    2;   0.00;-999;eor
         73;202303310408;    2;   0.00;-999;eor
         73;202303310409;    2;   0.00;-999;eor
         73;202303310410;    2;   0.00;-999;eor
         73;202303310411;    2;   0.00;-999;eor
         73;202303310412;    2;   0.00;-999;eor
         73;202303310413;    2;   0.00;-999;eor
         73;202303310414;    2;   0.00;-999;eor
         73;202303310415;    2;   0.00;-999;eor
         73;202303310416;    2;   0.00;-999;eor
         73;202303310417;    2;   0.00;-999;eor
         73;202303310418;    2;   0.00;-999;eor
         73;202303310419;    2;   0.00;-999;eor
         73;202303310420;    2;   0.00;-999;eor
         73;202303310421;    2;   0.00;-999;eor
         73;202303310422;    2;   0.00;-999;eor
         73;202303310423;    2;   0.00;-999;eor
         73;202303310424;    2;   0.00;-999;eor
         73;202303310425;    2;   0.00;-999;eor
         73;202303310426;    2;   0.00;-999;eor
         73;202303310427;    2;   0.00;-999;eor
         73;202303310428;    2;   0.00;-999;eor
         73;202303310429;    2;   0.00;-999;eor
         73;202303310430;    2;   0.00;-999;eor
         73;202303310431;    2;   0.00;-999;eor
         73;202303310432;    2;   0.00;-999;eor
         73;202303310433;    2;   0.00;-999;eor
         73;202303310434;    2;   0.00;-999;eor
         73;202303310435;    2;   0.00;-999;eor
         73;202303310436;    2;   0.00;-999;eor
         73;202303310437;    2;   0.00;-999;eor
         73;202303310438;    2;   0.00;-999;eor
         73;202303310439;    2;   0.00;-999;eor
         73;202303310440;    2;   0.00;-999;eor
         73;202303310441;    2;   0.00;-999;eor
         73;202303310442;    2;   0.00;-999;eor
         73;202303310443;    2;   0.00;-999;eor
         73;202303310444;    2;   0.00;-999;eor
         73;202303310445;    2;   0.00;-999;eor
         73;202303310446;    2;   0.00;-999;eor
         73;202303310447;    2;   0.00;-999;eor
         73;202303310448;    2;   0.00;-999;eor
         73;202303310449;    2;   0.00;-999;eor
         73;202303310450;    2;   0.00;-999;eor
         73;202303310451;    2;   0.00;-999;eor
         73;202303310452;    2;   0.00;-999;eor
         73;202303310453;    2;   0.00;-999;eor
         73;202303310454;    2;   0.00;-999;eor
         73;202303310455;    2;   0.00;-999;eor
         73;202303310456;    2;   0.00;-999;eor
         73;202303310457;    2;   0.00;-999;eor
         73;202303310458;    2;   0.00;-999;eor
         73;202303310459;    2;   0.00;-999;eor
         73;202303310500;    2;   0.00;-999;eor
         73;202303310501;    2;   0.00;-999;eor
         73;202303310502;    2;   0.01;-999;eor
         73;202303310503;    2;   0.02;-999;eor
         73;202303310504;    2;   0.00;-999;eor
         73;202303310505;    2;   0.03;-999;eor
         73;202303310506;    2;   0.08;-999;eor
         73;202303310507;    2;   0.07;-999;eor
         73;202303310508;    2;   0.01;-999;eor
         73;202303310509;    2;   0.01;-999;eor
         73;202303310510;    2;   0.00;-999;eor
         73;202303310511;    2;   0.01;-999;eor
         73;202303310512;    2;   0.01;-999;eor
         73;202303310513;    2;   0.00;-999;eor
         73;202303310514;    2;   0.00;-999;eor
         73;202303310515;    2;   0.00;-999;eor
         73;202303310516;    2;   0.01;-999;eor
         73;202303310517;    2;   0.00;-999;eor
         73;202303310518;    2;   0.01;-999;eor
         73;202303310519;    2;   0.00;-999;eor
         73;202303310520;    2;   0.00;-999;eor
         73;202303310521;    2;   0.01;-999;eor
         73;202303310522;    2;   0.00;-999;eor
         73;202303310523;    2;   0.00;-999;eor
         73;202303310524;    2;   0.01;-999;eor
         73;202303310525;    2;   0.02;-999;eor
         73;202303310526;    2;   0.01;-999;eor
         73;202303310527;    2;   0.02;-999;eor
         73;202303310528;    2;   0.02;-999;eor
         73;202303310529;    2;   0.01;-999;eor
         73;202303310530;    2;   0.02;-999;eor
         73;202303310531;    2;   0.03;-999;eor
         73;202303310532;    2;   0.01;-999;eor
         73;202303310533;    2;   0.03;-999;eor
         73;202303310534;    2;   0.02;-999;eor
         73;202303310535;    2;   0.03;-999;eor
         73;202303310536;    2;   0.02;-999;eor
         73;202303310537;    2;   0.02;-999;eor
         73;202303310538;    2;   0.01;-999;eor
         73;202303310539;    2;   0.02;-999;eor
         73;202303310540;    2;   0.00;-999;eor
         73;202303310541;    2;   0.02;-999;eor
         73;202303310542;    2;   0.02;-999;eor
         73;202303310543;    2;   0.01;-999;eor
         73;202303310544;    2;   0.01;-999;eor
         73;202303310545;    2;   0.02;-999;eor
         73;202303310546;    2;   0.03;-999;eor
         73;202303310547;    2;   0.03;-999;eor
         73;202303310548;    2;   0.03;-999;eor
         73;202303310549;    2;   0.01;-999;eor
         73;202303310550;    2;   0.04;-999;eor
         73;202303310551;    2;   0.01;-999;eor
         73;202303310552;    2;   0.02;-999;eor
         73;202303310553;    2;   0.01;-999;eor
         73;202303310554;    2;   0.02;-999;eor
         73;202303310555;    2;   0.03;-999;eor
         73;202303310556;    2;   0.02;-999;eor
         73;202303310557;    2;   0.02;-999;eor
         73;202303310558;    2;   0.01;-999;eor
         73;202303310559;    2;   0.03;-999;eor
         73;202303310600;    2;   0.01;-999;eor
         73;202303310601;    2;   0.03;-999;eor
         73;202303310602;    2;   0.01;-999;eor
         73;202303310603;    2;   0.02;-999;eor
         73;202303310604;    2;   0.01;-999;eor
         73;202303310605;    2;   0.02;-999;eor
         73;202303310606;    2;   0.01;-999;eor
         73;202303310607;    2;   0.02;-999;eor
         73;202303310608;    2;   0.01;-999;eor
         73;202303310609;    2;   0.02;-999;eor
         73;202303310610;    2;   0.01;-999;eor
         73;202303310611;    2;   0.01;-999;eor
         73;202303310612;    2;   0.01;-999;eor
         73;202303310613;    2;   0.02;-999;eor
         73;202303310614;    2;   0.00;-999;eor
         73;202303310615;    2;   0.01;-999;eor
         73;202303310616;    2;   0.00;-999;eor
         73;202303310617;    2;   0.01;-999;eor
         73;202303310618;    2;   0.00;-999;eor
         73;202303310619;    2;   0.01;-999;eor
         73;202303310620;    2;   0.01;-999;eor
         73;202303310621;    2;   0.00;-999;eor
         73;202303310622;    2;   0.02;-999;eor
         73;202303310623;    2;   0.02;-999;eor
         73;202303310624;    2;   0.02;-999;eor
         73;202303310625;    2;   0.00;-999;eor
         73;202303310626;    2;   0.02;-999;eor
         73;202303310627;    2;   0.01;-999;eor
         73;202303310628;    2;   0.00;-999;eor
         73;202303310629;    2;   0.01;-999;eor
         73;202303310630;    2;   0.00;-999;eor
         73;202303310631;    2;   0.00;-999;eor
         73;202303310632;    2;   0.00;-999;eor
         73;202303310633;    2;   0.00;-999;eor
         73;202303310634;    2;   0.01;-999;eor
         73;202303310635;    2;   0.00;-999;eor
         73;202303310636;    2;   0.00;-999;eor
         73;202303310637;    2;   0.00;-999;eor
         73;202303310638;    2;   0.00;-999;eor
         73;202303310639;    2;   0.00;-999;eor
         73;202303310640;    2;   0.00;-999;eor
         73;202303310641;    2;   0.00;-999;eor
         73;202303310642;    2;   0.00;-999;eor
         73;202303310643;    2;   0.00;-999;eor
         73;202303310644;    2;   0.00;-999;eor
         73;202303310645;    2;   0.00;-999;eor
         73;202303310646;    2;   0.00;-999;eor
         73;202303310647;    2;   0.00;-999;eor
         73;202303310648;    2;   0.00;-999;eor
         73;202303310649;    2;   0.01;-999;eor
         73;202303310650;    2;   0.00;-999;eor
         73;202303310651;    2;   0.00;-999;eor
         73;202303310652;    2;   0.00;-999;eor
         73;202303310653;    2;   0.00;-999;eor
         73;202303310654;    2;   0.00;-999;eor
         73;202303310655;    2;   0.00;-999;eor
         73;202303310656;    2;   0.00;-999;eor
         73;202303310657;    2;   0.00;-999;eor
         73;202303310658;    2;   0.00;-999;eor
         73;202303310659;    2;   0.00;-999;eor
         73;202303310700;    2;   0.00;-999;eor
         73;202303310701;    2;   0.00;-999;eor
         73;202303310702;    2;   0.00;-999;eor
         73;202303310703;    2;   0.00;-999;eor
         73;202303310704;    2;   0.00;-999;eor
         73;202303310705;    2;   0.00;-999;eor
         73;202303310706;    2;   0.00;-999;eor
         73;202303310707;    2;   0.00;-999;eor
         73;202303310708;    2;   0.00;-999;eor
         73;202303310709;    2;   0.00;-999;eor
         73;202303310710;    2;   0.00;-999;eor
         73;202303310711;    2;   0.00;-999;eor
         73;202303310712;    2;   0.00;-999;eor
         73;202303310713;    2;   0.00;-999;eor
         73;202303310714;    2;   0.00;-999;eor
         73;202303310715;    2;   0.00;-999;eor
         73;202303310716;    2;   0.00;-999;eor
         73;202303310717;    2;   0.00;-999;eor
         73;202303310718;    2;   0.00;-999;eor
         73;202303310719;    2;   0.00;-999;eor
         73;202303310720;    2;   0.00;-999;eor
         73;202303310721;    2;   0.00;-999;eor
         73;202303310722;    2;   0.00;-999;eor
         73;202303310723;    2;   0.00;-999;eor
         73;202303310724;    2;   0.00;-999;eor
         73;202303310725;    2;   0.00;-999;eor
         73;202303310726;    2;   0.00;-999;eor
         73;202303310727;    2;   0.00;-999;eor
         73;202303310728;    2;   0.00;-999;eor
         73;202303310729;    2;   0.00;-999;eor
         73;202303310730;    2;   0.00;-999;eor
         73;202303310731;    2;   0.00;-999;eor
         73;202303310732;    2;   0.00;-999;eor
         73;202303310733;    2;   0.00;-999;eor
         73;202303310734;    2;   0.00;-999;eor
         73;202303310735;    2;   0.00;-999;eor
         73;202303310736;    2;   0.00;-999;eor
         73;202303310737;    2;   0.00;-999;eor
         73;202303310738;    2;   0.00;-999;eor
         73;202303310739;    2;   0.00;-999;eor
         73;202303310740;    2;   0.00;-999;eor
         73;202303310741;    2;   0.00;-999;eor
         73;202303310742;    2;   0.00;-999;eor
         73;202303310743;    2;   0.00;-999;eor
         73;202303310744;    2;   0.00;-999;eor
         73;202303310745;    2;   0.00;-999;eor
         73;202303310746;    2;   0.00;-999;eor
         73;202303310747;    2;   0.00;-999;eor
         73;202303310748;    2;   0.00;-999;eor
         73;202303310749;    2;   0.00;-999;eor
         73;202303310750;    2;   0.00;-999;eor
         73;202303310751;    2;   0.00;-999;eor
         73;202303310752;    2;   0.00;-999;eor
         73;202303310753;    2;   0.00;-999;eor
         73;202303310754;    2;   0.00;-999;eor
         73;202303310755;    2;   0.00;-999;eor
         73;202303310756;    2;   0.00;-999;eor
         73;202303310757;    2;   0.00;-999;eor
         73;202303310758;    2;   0.00;-999;eor
         73;202303310759;    2;   0.00;-999;eor
         73;202303310800;    2;   0.00;-999;eor
         73;202303310801;    2;   0.00;-999;eor
         73;202303310802;    2;   0.00;-999;eor
         73;202303310803;    2;   0.00;-999;eor
         73;202303310804;    2;   0.00;-999;eor
         73;202303310805;    2;   0.00;-999;eor
         73;202303310806;    2;   0.00;-999;eor
         73;202303310807;    2;   0.00;-999;eor
         73;202303310808;    2;   0.00;-999;eor
         73;202303310809;    2;   0.00;-999;eor
         73;202303310810;    2;   0.00;-999;eor
         73;202303310811;    2;   0.00;-999;eor
         73;202303310812;    2;   0.00;-999;eor
         73;202303310813;    2;   0.00;-999;eor
         73;202303310814;    2;   0.00;-999;eor
         73;202303310815;    2;   0.00;-999;eor
         73;202303310816;    2;   0.00;-999;eor
         73;202303310817;    2;   0.00;-999;eor
         73;202303310818;    2;   0.00;-999;eor
         73;202303310819;    2;   0.00;-999;eor
         73;202303310820;    2;   0.00;-999;eor
         73;202303310821;    2;   0.00;-999;eor
         73;202303310822;    2;   0.00;-999;eor
         73;202303310823;    2;   0.00;-999;eor
         73;202303310824;    2;   0.00;-999;eor
         73;202303310825;    2;   0.00;-999;eor
         73;202303310826;    2;   0.01;-999;eor
         73;202303310827;    2;   0.00;-999;eor
         73;202303310828;    2;   0.01;-999;eor
         73;202303310829;    2;   0.00;-999;eor
         73;202303310830;    2;   0.01;-999;eor
         73;202303310831;    2;   0.01;-999;eor
         73;202303310832;    2;   0.01;-999;eor
         73;202303310833;    2;   0.00;-999;eor
         73;202303310834;    2;   0.01;-999;eor
         73;202303310835;    2;   0.01;-999;eor
         73;202303310836;    2;   0.01;-999;eor
         73;202303310837;    2;   0.01;-999;eor
         73;202303310838;    2;   0.03;-999;eor
         73;202303310839;    2;   0.02;-999;eor
         73;202303310840;    2;   0.03;-999;eor
         73;202303310841;    2;   0.04;-999;eor
         73;202303310842;    2;   0.03;-999;eor
         73;202303310843;    2;   0.03;-999;eor
         73;202303310844;    2;   0.03;-999;eor
         73;202303310845;    2;   0.02;-999;eor
         73;202303310846;    2;   0.01;-999;eor
         73;202303310847;    2;   0.03;-999;eor
         73;202303310848;    2;   0.00;-999;eor
         73;202303310849;    2;   0.08;-999;eor
         73;202303310850;    2;   0.05;-999;eor
         73;202303310851;    2;   0.06;-999;eor
         73;202303310852;    2;   0.05;-999;eor
         73;202303310853;    2;   0.08;-999;eor
         73;202303310854;    2;   0.07;-999;eor
         73;202303310855;    2;   0.09;-999;eor
         73;202303310856;    2;   0.02;-999;eor
         73;202303310857;    2;   0.02;-999;eor
         73;202303310858;    2;   0.03;-999;eor
         73;202303310859;    2;   0.01;-999;eor
         73;202303310900;    2;   0.01;-999;eor
         73;202303310901;    2;   0.00;-999;eor
         73;202303310902;    2;   0.00;-999;eor
         73;202303310903;    2;   0.01;-999;eor
         73;202303310904;    2;   0.00;-999;eor
         73;202303310905;    2;   0.01;-999;eor
         73;202303310906;    2;   0.00;-999;eor
         73;202303310907;    2;   0.00;-999;eor
         73;202303310908;    2;   0.01;-999;eor
         73;202303310909;    2;   0.00;-999;eor
         73;202303310910;    2;   0.00;-999;eor
         73;202303310911;    2;   0.00;-999;eor
         73;202303310912;    2;   0.00;-999;eor
         73;202303310913;    2;   0.00;-999;eor
         73;202303310914;    2;   0.01;-999;eor
         73;202303310915;    2;   0.00;-999;eor
         73;202303310916;    2;   0.00;-999;eor
         73;202303310917;    2;   0.00;-999;eor
         73;202303310918;    2;   0.00;-999;eor
         73;202303310919;    2;   0.00;-999;eor
         73;202303310920;    2;   0.00;-999;eor
         73;202303310921;    2;   0.00;-999;eor
         73;202303310922;    2;   0.00;-999;eor
         73;202303310923;    2;   0.00;-999;eor
         73;202303310924;    2;   0.00;-999;eor
         73;202303310925;    2;   0.00;-999;eor
         73;202303310926;    2;   0.00;-999;eor
         73;202303310927;    2;   0.00;-999;eor
         73;202303310928;    2;   0.00;-999;eor
         73;202303310929;    2;   0.00;-999;eor
         73;202303310930;    2;   0.00;-999;eor
         73;202303310931;    2;   0.00;-999;eor
         73;202303310932;    2;   0.00;-999;eor
         73;202303310933;    2;   0.00;-999;eor
         73;202303310934;    2;   0.00;-999;eor
         73;202303310935;    2;   0.00;-999;eor
         73;202303310936;    2;   0.00;-999;eor
         73;202303310937;    2;   0.00;-999;eor
         73;202303310938;    2;   0.00;-999;eor
         73;202303310939;    2;   0.00;-999;eor
         73;202303310940;    2;   0.00;-999;eor
         73;202303310941;    2;   0.00;-999;eor
         73;202303310942;    2;   0.00;-999;eor
         73;202303310943;    2;   0.00;-999;eor
         73;202303310944;    2;   0.00;-999;eor
         73;202303310945;    2;   0.00;-999;eor
         73;202303310946;    2;   0.00;-999;eor
         73;202303310947;    2;   0.00;-999;eor
         73;202303310948;    2;   0.00;-999;eor
         73;202303310949;    2;   0.00;-999;eor
         73;202303310950;    2;   0.00;-999;eor
         73;202303310951;    2;   0.00;-999;eor
         73;202303310952;    2;   0.00;-999;eor
         73;202303310953;    2;   0.00;-999;eor
         73;202303310954;    2;   0.00;-999;eor
         73;202303310955;    2;   0.00;-999;eor
         73;202303310956;    2;   0.00;-999;eor
         73;202303310957;    2;   0.00;-999;eor
         73;202303310958;    2;   0.00;-999;eor
         73;202303310959;    2;   0.00;-999;eor
         73;202303311000;    2;   0.00;-999;eor
         73;202303311001;    2;   0.00;-999;eor
         73;202303311002;    2;   0.00;-999;eor
         73;202303311003;    2;   0.00;-999;eor
         73;202303311004;    2;   0.00;-999;eor
         73;202303311005;    2;   0.00;-999;eor
         73;202303311006;    2;   0.00;-999;eor
         73;202303311007;    2;   0.00;-999;eor
         73;202303311008;    2;   0.06;-999;eor
         73;202303311009;    2;   0.00;-999;eor
         73;202303311010;    2;   0.08;-999;eor
         73;202303311011;    2;   0.08;-999;eor
         73;202303311012;    2;   0.05;-999;eor
         73;202303311013;    2;   0.08;-999;eor
         73;202303311014;    2;   0.05;-999;eor
         73;202303311015;    2;   0.06;-999;eor
         73;202303311016;    2;   0.05;-999;eor
         73;202303311017;    2;   0.06;-999;eor
         73;202303311018;    2;   0.03;-999;eor
         73;202303311019;    2;   0.01;-999;eor
         73;202303311020;    2;   0.01;-999;eor
         73;202303311021;    2;   0.01;-999;eor
         73;202303311022;    2;   0.00;-999;eor
         73;202303311023;    2;   0.00;-999;eor
         73;202303311024;    2;   0.00;-999;eor
         73;202303311025;    2;   0.00;-999;eor
         73;202303311026;    2;   0.01;-999;eor
         73;202303311027;    2;   0.00;-999;eor
         73;202303311028;    2;   0.00;-999;eor
         73;202303311029;    2;   0.00;-999;eor
         73;202303311030;    2;   0.00;-999;eor
         73;202303311031;    2;   0.00;-999;eor
         73;202303311032;    2;   0.00;-999;eor
         73;202303311033;    2;   0.00;-999;eor
         73;202303311034;    2;   0.00;-999;eor
         73;202303311035;    2;   0.00;-999;eor
         73;202303311036;    2;   0.00;-999;eor
         73;202303311037;    2;   0.00;-999;eor
         73;202303311038;    2;   0.00;-999;eor
         73;202303311039;    2;   0.00;-999;eor
         73;202303311040;    2;   0.00;-999;eor
         73;202303311041;    2;   0.00;-999;eor
         73;202303311042;    2;   0.00;-999;eor
         73;202303311043;    2;   0.00;-999;eor
         73;202303311044;    2;   0.00;-999;eor
         73;202303311045;    2;   0.00;-999;eor
         73;202303311046;    2;   0.00;-999;eor
         73;202303311047;    2;   0.00;-999;eor
         73;202303311048;    2;   0.00;-999;eor
         73;202303311049;    2;   0.00;-999;eor
         73;202303311050;    2;   0.00;-999;eor
         73;202303311051;    2;   0.00;-999;eor
         73;202303311052;    2;   0.00;-999;eor
         73;202303311053;    2;   0.00;-999;eor
         73;202303311054;    2;   0.00;-999;eor
         73;202303311055;    2;   0.00;-999;eor
         73;202303311056;    2;   0.00;-999;eor
         73;202303311057;    2;   0.00;-999;eor
         73;202303311058;    2;   0.00;-999;eor
         73;202303311059;    2;   0.00;-999;eor
         73;202303311100;    2;   0.00;-999;eor
         73;202303311101;    2;   0.00;-999;eor
         73;202303311102;    2;   0.00;-999;eor
         73;202303311103;    2;   0.00;-999;eor
         73;202303311104;    2;   0.00;-999;eor
         73;202303311105;    2;   0.00;-999;eor
         73;202303311106;    2;   0.00;-999;eor
         73;202303311107;    2;   0.00;-999;eor
         73;202303311108;    2;   0.00;-999;eor
         73;202303311109;    2;   0.00;-999;eor
         73;202303311110;    2;   0.00;-999;eor
         73;202303311111;    2;   0.00;-999;eor
         73;202303311112;    2;   0.00;-999;eor
         73;202303311113;    2;   0.00;-999;eor
         73;202303311114;    2;   0.00;-999;eor
         73;202303311115;    2;   0.00;-999;eor
         73;202303311116;    2;   0.00;-999;eor
         73;202303311117;    2;   0.00;-999;eor
         73;202303311118;    2;   0.00;-999;eor
         73;202303311119;    2;   0.00;-999;eor
         73;202303311120;    2;   0.00;-999;eor
         73;202303311121;    2;   0.00;-999;eor
         73;202303311122;    2;   0.00;-999;eor
         73;202303311123;    2;   0.00;-999;eor
         73;202303311124;    2;   0.00;-999;eor
         73;202303311125;    2;   0.00;-999;eor
         73;202303311126;    2;   0.00;-999;eor
         73;202303311127;    2;   0.00;-999;eor
         73;202303311128;    2;   0.00;-999;eor
         73;202303311129;    2;   0.00;-999;eor
         73;202303311130;    2;   0.00;-999;eor
         73;202303311131;    2;   0.00;-999;eor
         73;202303311132;    2;   0.00;-999;eor
         73;202303311133;    2;   0.00;-999;eor
         73;202303311134;    2;   0.00;-999;eor
         73;202303311135;    2;   0.00;-999;eor
         73;202303311136;    2;   0.00;-999;eor
         73;202303311137;    2;   0.00;-999;eor
         73;202303311138;    2;   0.00;-999;eor
         73;202303311139;    2;   0.00;-999;eor
         73;202303311140;    2;   0.00;-999;eor
         73;202303311141;    2;   0.00;-999;eor
         73;202303311142;    2;   0.00;-999;eor
         73;202303311143;    2;   0.00;-999;eor
         73;202303311144;    2;   0.00;-999;eor
         73;202303311145;    2;   0.00;-999;eor
         73;202303311146;    2;   0.00;-999;eor
         73;202303311147;    2;   0.00;-999;eor
         73;202303311148;    2;   0.00;-999;eor
         73;202303311149;    2;   0.00;-999;eor
         73;202303311150;    2;   0.00;-999;eor
         73;202303311151;    2;   0.00;-999;eor
         73;202303311152;    2;   0.00;-999;eor
         73;202303311153;    2;   0.00;-999;eor
         73;202303311154;    2;   0.00;-999;eor
         73;202303311155;    2;   0.00;-999;eor
         73;202303311156;    2;   0.00;-999;eor
         73;202303311157;    2;   0.00;-999;eor
         73;202303311158;    2;   0.00;-999;eor
         73;202303311159;    2;   0.00;-999;eor
         73;202303311200;    2;   0.00;-999;eor
         73;202303311201;    2;   0.00;-999;eor
         73;202303311202;    2;   0.00;-999;eor
         73;202303311203;    2;   0.00;-999;eor
         73;202303311204;    2;   0.00;-999;eor
         73;202303311205;    2;   0.00;-999;eor
         73;202303311206;    2;   0.00;-999;eor
         73;202303311207;    2;   0.00;-999;eor
         73;202303311208;    2;   0.00;-999;eor
         73;202303311209;    2;   0.00;-999;eor
         73;202303311210;    2;   0.00;-999;eor
         73;202303311211;    2;   0.00;-999;eor
         73;202303311212;    2;   0.00;-999;eor
         73;202303311213;    2;   0.00;-999;eor
         73;202303311214;    2;   0.00;-999;eor
         73;202303311215;    2;   0.00;-999;eor
         73;202303311216;    2;   0.00;-999;eor
         73;202303311217;    2;   0.00;-999;eor
         73;202303311218;    2;   0.00;-999;eor
         73;202303311219;    2;   0.00;-999;eor
         73;202303311220;    2;   0.00;-999;eor
         73;202303311221;    2;   0.00;-999;eor
         73;202303311222;    2;   0.00;-999;eor
         73;202303311223;    2;   0.00;-999;eor
         73;202303311224;    2;   0.00;-999;eor
         73;202303311225;    2;   0.00;-999;eor
         73;202303311226;    2;   0.00;-999;eor
         73;202303311227;    2;   0.00;-999;eor
         73;202303311228;    2;   0.00;-999;eor
         73;202303311229;    2;   0.00;-999;eor
         73;202303311230;    2;   0.00;-999;eor
         73;202303311231;    2;   0.00;-999;eor
         73;202303311232;    2;   0.00;-999;eor
         73;202303311233;    2;   0.00;-999;eor
         73;202303311234;    2;   0.00;-999;eor
         73;202303311235;    2;   0.00;-999;eor
         73;202303311236;    2;   0.00;-999;eor
         73;202303311237;    2;   0.00;-999;eor
         73;202303311238;    2;   0.00;-999;eor
         73;202303311239;    2;   0.00;-999;eor
         73;202303311240;    2;   0.00;-999;eor
         73;202303311241;    2;   0.00;-999;eor
         73;202303311242;    2;   0.00;-999;eor
         73;202303311243;    2;   0.00;-999;eor
         73;202303311244;    2;   0.00;-999;eor
         73;202303311245;    2;   0.00;-999;eor
         73;202303311246;    2;   0.00;-999;eor
         73;202303311247;    2;   0.00;-999;eor
         73;202303311248;    2;   0.00;-999;eor
         73;202303311249;    2;   0.00;-999;eor
         73;202303311250;    2;   0.00;-999;eor
         73;202303311251;    2;   0.00;-999;eor
         73;202303311252;    2;   0.00;-999;eor
         73;202303311253;    2;   0.00;-999;eor
         73;202303311254;    2;   0.00;-999;eor
         73;202303311255;    2;   0.00;-999;eor
         73;202303311256;    2;   0.00;-999;eor
         73;202303311257;    2;   0.00;-999;eor
         73;202303311258;    2;   0.00;-999;eor
         73;202303311259;    2;   0.00;-999;eor
         73;202303311300;    2;   0.00;-999;eor
         73;202303311301;    2;   0.00;-999;eor
         73;202303311302;    2;   0.00;-999;eor
         73;202303311303;    2;   0.00;-999;eor
         73;202303311304;    2;   0.00;-999;eor
         73;202303311305;    2;   0.00;-999;eor
         73;202303311306;    2;   0.00;-999;eor
         73;202303311307;    2;   0.00;-999;eor
         73;202303311308;    2;   0.00;-999;eor
         73;202303311309;    2;   0.00;-999;eor
         73;202303311310;    2;   0.00;-999;eor
         73;202303311311;    2;   0.00;-999;eor
         73;202303311312;    2;   0.00;-999;eor
         73;202303311313;    2;   0.00;-999;eor
         73;202303311314;    2;   0.00;-999;eor
         73;202303311315;    2;   0.00;-999;eor
         73;202303311316;    2;   0.00;-999;eor
         73;202303311317;    2;   0.00;-999;eor
         73;202303311318;    2;   0.00;-999;eor
         73;202303311319;    2;   0.00;-999;eor
         73;202303311320;    2;   0.00;-999;eor
         73;202303311321;    2;   0.00;-999;eor
         73;202303311322;    2;   0.00;-999;eor
         73;202303311323;    2;   0.00;-999;eor
         73;202303311324;    2;   0.00;-999;eor
         73;202303311325;    2;   0.00;-999;eor
         73;202303311326;    2;   0.00;-999;eor
         73;202303311327;    2;   0.00;-999;eor
         73;202303311328;    2;   0.00;-999;eor
         73;202303311329;    2;   0.00;-999;eor
         73;202303311330;    2;   0.00;-999;eor
         73;202303311331;    2;   0.00;-999;eor
         73;202303311332;    2;   0.00;-999;eor
         73;202303311333;    2;   0.00;-999;eor
         73;202303311334;    2;   0.00;-999;eor
         73;202303311335;    2;   0.00;-999;eor
         73;202303311336;    2;   0.00;-999;eor
         73;202303311337;    2;   0.00;-999;eor
         73;202303311338;    2;   0.00;-999;eor
         73;202303311339;    2;   0.00;-999;eor
         73;202303311340;    2;   0.00;-999;eor
         73;202303311341;    2;   0.00;-999;eor
         73;202303311342;    2;   0.00;-999;eor
         73;202303311343;    2;   0.00;-999;eor
         73;202303311344;    2;   0.00;-999;eor
         73;202303311345;    2;   0.00;-999;eor
         73;202303311346;    2;   0.00;-999;eor
         73;202303311347;    2;   0.00;-999;eor
         73;202303311348;    2;   0.00;-999;eor
         73;202303311349;    2;   0.00;-999;eor
         73;202303311350;    2;   0.00;-999;eor
         73;202303311351;    2;   0.00;-999;eor
         73;202303311352;    2;   0.00;-999;eor
         73;202303311353;    2;   0.00;-999;eor
         73;202303311354;    2;   0.00;-999;eor
         73;202303311355;    2;   0.00;-999;eor
         73;202303311356;    2;   0.00;-999;eor
         73;202303311357;    2;   0.00;-999;eor
         73;202303311358;    2;   0.00;-999;eor
         73;202303311359;    2;   0.00;-999;eor
         73;202303311400;    2;   0.00;-999;eor
         73;202303311401;    2;   0.00;-999;eor
         73;202303311402;    2;   0.00;-999;eor
         73;202303311403;    2;   0.00;-999;eor
         73;202303311404;    2;   0.00;-999;eor
         73;202303311405;    2;   0.00;-999;eor
         73;202303311406;    2;   0.00;-999;eor
         73;202303311407;    2;   0.00;-999;eor
         73;202303311408;    2;   0.00;-999;eor
         73;202303311409;    2;   0.00;-999;eor
         73;202303311410;    2;   0.00;-999;eor
         73;202303311411;    2;   0.00;-999;eor
         73;202303311412;    2;   0.00;-999;eor
         73;202303311413;    2;   0.00;-999;eor
         73;202303311414;    2;   0.00;-999;eor
         73;202303311415;    2;   0.00;-999;eor
         73;202303311416;    2;   0.00;-999;eor
         73;202303311417;    2;   0.00;-999;eor
         73;202303311418;    2;   0.00;-999;eor
         73;202303311419;    2;   0.00;-999;eor
         73;202303311420;    2;   0.00;-999;eor
         73;202303311421;    2;   0.00;-999;eor
         73;202303311422;    2;   0.00;-999;eor
         73;202303311423;    2;   0.00;-999;eor
         73;202303311424;    2;   0.00;-999;eor
         73;202303311425;    2;   0.00;-999;eor
         73;202303311426;    2;   0.00;-999;eor
         73;202303311427;    2;   0.00;-999;eor
         73;202303311428;    2;   0.00;-999;eor
         73;202303311429;    2;   0.00;-999;eor
         73;202303311430;    2;   0.00;-999;eor
         73;202303311431;    2;   0.00;-999;eor
         73;202303311432;    2;   0.00;-999;eor
         73;202303311433;    2;   0.00;-999;eor
         73;202303311434;    2;   0.00;-999;eor
         73;202303311435;    2;   0.00;-999;eor
         73;202303311436;    2;   0.00;-999;eor
         73;202303311437;    2;   0.00;-999;eor
         73;202303311438;    2;   0.00;-999;eor
         73;202303311439;    2;   0.00;-999;eor
         73;202303311440;    2;   0.00;-999;eor
         73;202303311441;    2;   0.00;-999;eor
         73;202303311442;    2;   0.00;-999;eor
         73;202303311443;    2;   0.00;-999;eor
         73;202303311444;    2;   0.00;-999;eor
         73;202303311445;    2;   0.03;-999;eor
         73;202303311446;    2;   0.00;-999;eor
         73;202303311447;    2;   0.10;-999;eor
         73;202303311448;    2;   0.03;-999;eor
         73;202303311449;    2;   0.02;-999;eor
         73;202303311450;    2;   0.01;-999;eor
         73;202303311451;    2;   0.02;-999;eor
         73;202303311452;    2;   0.37;-999;eor
         73;202303311453;    2;   0.67;-999;eor
         73;202303311454;    2;   0.39;-999;eor
         73;202303311455;    2;   0.32;-999;eor
         73;202303311456;    2;   0.08;-999;eor
         73;202303311457;    2;   0.05;-999;eor
         73;202303311458;    2;   0.01;-999;eor
         73;202303311459;    2;   0.01;-999;eor
         73;202303311500;    2;   0.01;-999;eor
         73;202303311501;    2;   0.00;-999;eor
         73;202303311502;    2;   0.00;-999;eor
         73;202303311503;    2;   0.00;-999;eor
         73;202303311504;    2;   0.00;-999;eor
         73;202303311505;    2;   0.00;-999;eor
         73;202303311506;    2;   0.00;-999;eor
         73;202303311507;    2;   0.00;-999;eor
         73;202303311508;    2;   0.00;-999;eor
         73;202303311509;    2;   0.00;-999;eor
         73;202303311510;    2;   0.00;-999;eor
         73;202303311511;    2;   0.00;-999;eor
         73;202303311512;    2;   0.00;-999;eor
         73;202303311513;    2;   0.00;-999;eor
         73;202303311514;    2;   0.00;-999;eor
         73;202303311515;    2;   0.00;-999;eor
         73;202303311516;    2;   0.00;-999;eor
         73;202303311517;    2;   0.01;-999;eor
         73;202303311518;    2;   0.00;-999;eor
         73;202303311519;    2;   0.00;-999;eor
         73;202303311520;    2;   0.00;-999;eor
         73;202303311521;    2;   0.00;-999;eor
         73;202303311522;    2;   0.00;-999;eor
         73;202303311523;    2;   0.00;-999;eor
         73;202303311524;    2;   0.00;-999;eor
         73;202303311525;    2;   0.00;-999;eor
         73;202303311526;    2;   0.00;-999;eor
         73;202303311527;    2;   0.00;-999;eor
         73;202303311528;    2;   0.00;-999;eor
         73;202303311529;    2;   0.00;-999;eor
         73;202303311530;    2;   0.00;-999;eor
         73;202303311531;    2;   0.00;-999;eor
         73;202303311532;    2;   0.00;-999;eor
         73;202303311533;    2;   0.00;-999;eor
         73;202303311534;    2;   0.00;-999;eor
         73;202303311535;    2;   0.00;-999;eor
         73;202303311536;    2;   0.00;-999;eor
         73;202303311537;    2;   0.00;-999;eor
         73;202303311538;    2;   0.00;-999;eor
         73;202303311539;    2;   0.00;-999;eor
         73;202303311540;    2;   0.00;-999;eor
         73;202303311541;    2;   0.00;-999;eor
         73;202303311542;    2;   0.00;-999;eor
         73;202303311543;    2;   0.00;-999;eor
         73;202303311544;    2;   0.00;-999;eor
         73;202303311545;    2;   0.00;-999;eor
         73;202303311546;    2;   0.00;-999;eor
         73;202303311547;    2;   0.00;-999;eor
         73;202303311548;    2;   0.00;-999;eor
         73;202303311549;    2;   0.00;-999;eor
         73;202303311550;    2;   0.00;-999;eor
         73;202303311551;    2;   0.00;-999;eor
         73;202303311552;    2;   0.00;-999;eor
         73;202303311553;    2;   0.00;-999;eor
         73;202303311554;    2;   0.00;-999;eor
         73;202303311555;    2;   0.00;-999;eor
         73;202303311556;    2;   0.00;-999;eor
         73;202303311557;    2;   0.00;-999;eor
         73;202303311558;    2;   0.00;-999;eor
         73;202303311559;    2;   0.00;-999;eor
         73;202303311600;    2;   0.00;-999;eor
         73;202303311601;    2;   0.00;-999;eor
         73;202303311602;    2;   0.00;-999;eor
         73;202303311603;    2;   0.00;-999;eor
         73;202303311604;    2;   0.00;-999;eor
         73;202303311605;    2;   0.00;-999;eor
         73;202303311606;    2;   0.00;-999;eor
         73;202303311607;    2;   0.00;-999;eor
         73;202303311608;    2;   0.00;-999;eor
         73;202303311609;    2;   0.00;-999;eor
         73;202303311610;    2;   0.00;-999;eor
         73;202303311611;    2;   0.00;-999;eor
         73;202303311612;    2;   0.00;-999;eor
         73;202303311613;    2;   0.00;-999;eor
         73;202303311614;    2;   0.00;-999;eor
         73;202303311615;    2;   0.00;-999;eor
         73;202303311616;    2;   0.00;-999;eor
         73;202303311617;    2;   0.00;-999;eor
         73;202303311618;    2;   0.00;-999;eor
         73;202303311619;    2;   0.00;-999;eor
         73;202303311620;    2;   0.00;-999;eor
         73;202303311621;    2;   0.00;-999;eor
         73;202303311622;    2;   0.00;-999;eor
         73;202303311623;    2;   0.00;-999;eor
         73;202303311624;    2;   0.00;-999;eor
         73;202303311625;    2;   0.00;-999;eor
         73;202303311626;    2;   0.00;-999;eor
         73;202303311627;    2;   0.00;-999;eor
         73;202303311628;    2;   0.00;-999;eor
         73;202303311629;    2;   0.00;-999;eor
         73;202303311630;    2;   0.00;-999;eor
         73;202303311631;    2;   0.00;-999;eor
         73;202303311632;    2;   0.00;-999;eor
         73;202303311633;    2;   0.00;-999;eor
         73;202303311634;    2;   0.00;-999;eor
         73;202303311635;    2;   0.00;-999;eor
         73;202303311636;    2;   0.00;-999;eor
         73;202303311637;    2;   0.00;-999;eor
         73;202303311638;    2;   0.00;-999;eor
         73;202303311639;    2;   0.00;-999;eor
         73;202303311640;    2;   0.00;-999;eor
         73;202303311641;    2;   0.00;-999;eor
         73;202303311642;    2;   0.00;-999;eor
         73;202303311643;    2;   0.01;-999;eor
         73;202303311644;    2;   0.00;-999;eor
         73;202303311645;    2;   0.00;-999;eor
         73;202303311646;    2;   0.00;-999;eor
         73;202303311647;    2;   0.00;-999;eor
         73;202303311648;    2;   0.00;-999;eor
         73;202303311649;    2;   0.00;-999;eor
         73;202303311650;    2;   0.00;-999;eor
         73;202303311651;    2;   0.00;-999;eor
         73;202303311652;    2;   0.00;-999;eor
         73;202303311653;    2;   0.00;-999;eor
         73;202303311654;    2;   0.00;-999;eor
         73;202303311655;    2;   0.00;-999;eor
         73;202303311656;    2;   0.00;-999;eor
         73;202303311657;    2;   0.00;-999;eor
         73;202303311658;    2;   0.00;-999;eor
         73;202303311659;    2;   0.00;-999;eor
         73;202303311700;    2;   0.00;-999;eor
         73;202303311701;    2;   0.00;-999;eor
         73;202303311702;    2;   0.00;-999;eor
         73;202303311703;    2;   0.00;-999;eor
         73;202303311704;    2;   0.00;-999;eor
         73;202303311705;    2;   0.00;-999;eor
         73;202303311706;    2;   0.00;-999;eor
         73;202303311707;    2;   0.00;-999;eor
         73;202303311708;    2;   0.00;-999;eor
         73;202303311709;    2;   0.00;-999;eor
         73;202303311710;    2;   0.00;-999;eor
         73;202303311711;    2;   0.00;-999;eor
         73;202303311712;    2;   0.00;-999;eor
         73;202303311713;    2;   0.00;-999;eor
         73;202303311714;    2;   0.00;-999;eor
         73;202303311715;    2;   0.00;-999;eor
         73;202303311716;    2;   0.00;-999;eor
         73;202303311717;    2;   0.00;-999;eor
         73;202303311718;    2;   0.00;-999;eor
         73;202303311719;    2;   0.00;-999;eor
         73;202303311720;    2;   0.00;-999;eor
         73;202303311721;    2;   0.00;-999;eor
         73;202303311722;    2;   0.00;-999;eor
         73;202303311723;    2;   0.00;-999;eor
         73;202303311724;    2;   0.00;-999;eor
         73;202303311725;    2;   0.00;-999;eor
         73;202303311726;    2;   0.00;-999;eor
         73;202303311727;    2;   0.00;-999;eor
         73;202303311728;    2;   0.00;-999;eor
         73;202303311729;    2;   0.00;-999;eor
         73;202303311730;    2;   0.00;-999;eor
         73;202303311731;    2;   0.00;-999;eor
         73;202303311732;    2;   0.02;-999;eor
         73;202303311733;    2;   0.01;-999;eor
         73;202303311734;    2;   0.00;-999;eor
         73;202303311735;    2;   0.00;-999;eor
         73;202303311736;    2;   0.01;-999;eor
         73;202303311737;    2;   0.00;-999;eor
         73;202303311738;    2;   0.01;-999;eor
         73;202303311739;    2;   0.00;-999;eor
         73;202303311740;    2;   0.08;-999;eor
         73;202303311741;    2;   0.04;-999;eor
         73;202303311742;    2;   0.01;-999;eor
         73;202303311743;    2;   0.08;-999;eor
         73;202303311744;    2;   0.11;-999;eor
         73;202303311745;    2;   0.16;-999;eor
         73;202303311746;    2;   0.18;-999;eor
         73;202303311747;    2;   0.11;-999;eor
         73;202303311748;    2;   0.05;-999;eor
         73;202303311749;    2;   0.03;-999;eor
         73;202303311750;    2;   0.01;-999;eor
         73;202303311751;    2;   0.01;-999;eor
         73;202303311752;    2;   0.00;-999;eor
         73;202303311753;    2;   0.01;-999;eor
         73;202303311754;    2;   0.00;-999;eor
         73;202303311755;    2;   0.00;-999;eor
         73;202303311756;    2;   0.00;-999;eor
         73;202303311757;    2;   0.00;-999;eor
         73;202303311758;    2;   0.00;-999;eor
         73;202303311759;    2;   0.00;-999;eor
         73;202303311800;    2;   0.00;-999;eor
         73;202303311801;    2;   0.00;-999;eor
         73;202303311802;    2;   0.00;-999;eor
         73;202303311803;    2;   0.00;-999;eor
         73;202303311804;    2;   0.00;-999;eor
         73;202303311805;    2;   0.00;-999;eor
         73;202303311806;    2;   0.00;-999;eor
         73;202303311807;    2;   0.00;-999;eor
         73;202303311808;    2;   0.00;-999;eor
         73;202303311809;    2;   0.00;-999;eor
         73;202303311810;    2;   0.00;-999;eor
         73;202303311811;    2;   0.00;-999;eor
         73;202303311812;    2;   0.00;-999;eor
         73;202303311813;    2;   0.00;-999;eor
         73;202303311814;    2;   0.00;-999;eor
         73;202303311815;    2;   0.00;-999;eor
         73;202303311816;    2;   0.00;-999;eor
         73;202303311817;    2;   0.00;-999;eor
         73;202303311818;    2;   0.00;-999;eor
         73;202303311819;    2;   0.00;-999;eor
         73;202303311820;    2;   0.00;-999;eor
         73;202303311821;    2;   0.00;-999;eor
         73;202303311822;    2;   0.00;-999;eor
         73;202303311823;    2;   0.00;-999;eor
         73;202303311824;    2;   0.01;-999;eor
         73;202303311825;    2;   0.00;-999;eor
         73;202303311826;    2;   0.00;-999;eor
         73;202303311827;    2;   0.00;-999;eor
         73;202303311828;    2;   0.00;-999;eor
         73;202303311829;    2;   0.00;-999;eor
         73;202303311830;    2;   0.00;-999;eor
         73;202303311831;    2;   0.00;-999;eor
         73;202303311832;    2;   0.00;-999;eor
         73;202303311833;    2;   0.00;-999;eor
         73;202303311834;    2;   0.00;-999;eor
         73;202303311835;    2;   0.00;-999;eor
         73;202303311836;    2;   0.00;-999;eor
         73;202303311837;    2;   0.00;-999;eor
         73;202303311838;    2;   0.00;-999;eor
         73;202303311839;    2;   0.00;-999;eor
         73;202303311840;    2;   0.00;-999;eor
         73;202303311841;    2;   0.00;-999;eor
         73;202303311842;    2;   0.00;-999;eor
         73;202303311843;    2;   0.00;-999;eor
         73;202303311844;    2;   0.00;-999;eor
         73;202303311845;    2;   0.00;-999;eor
         73;202303311846;    2;   0.00;-999;eor
         73;202303311847;    2;   0.00;-999;eor
         73;202303311848;    2;   0.00;-999;eor
         73;202303311849;    2;   0.00;-999;eor
         73;202303311850;    2;   0.00;-999;eor
         73;202303311851;    2;   0.00;-999;eor
         73;202303311852;    2;   0.00;-999;eor
         73;202303311853;    2;   0.00;-999;eor
         73;202303311854;    2;   0.00;-999;eor
         73;202303311855;    2;   0.00;-999;eor
         73;202303311856;    2;   0.00;-999;eor
         73;202303311857;    2;   0.00;-999;eor
         73;202303311858;    2;   0.00;-999;eor
         73;202303311859;    2;   0.00;-999;eor
         73;202303311900;    2;   0.00;-999;eor
         73;202303311901;    2;   0.00;-999;eor
         73;202303311902;    2;   0.00;-999;eor
         73;202303311903;    2;   0.00;-999;eor
         73;202303311904;    2;   0.00;-999;eor
         73;202303311905;    2;   0.00;-999;eor
         73;202303311906;    2;   0.00;-999;eor
         73;202303311907;    2;   0.00;-999;eor
         73;202303311908;    2;   0.00;-999;eor
         73;202303311909;    2;   0.00;-999;eor
         73;202303311910;    2;   0.00;-999;eor
         73;202303311911;    2;   0.00;-999;eor
         73;202303311912;    2;   0.00;-999;eor
         73;202303311913;    2;   0.00;-999;eor
         73;202303311914;    2;   0.00;-999;eor
         73;202303311915;    2;   0.00;-999;eor
         73;202303311916;    2;   0.00;-999;eor
         73;202303311917;    2;   0.00;-999;eor
         73;202303311918;    2;   0.00;-999;eor
         73;202303311919;    2;   0.00;-999;eor
         73;202303311920;    2;   0.00;-999;eor
         73;202303311921;    2;   0.00;-999;eor
         73;202303311922;    2;   0.00;-999;eor
         73;202303311923;    2;   0.00;-999;eor
         73;202303311924;    2;   0.00;-999;eor
         73;202303311925;    2;   0.00;-999;eor
         73;202303311926;    2;   0.00;-999;eor
         73;202303311927;    2;   0.00;-999;eor
         73;202303311928;    2;   0.00;-999;eor
         73;202303311929;    2;   0.00;-999;eor
         73;202303311930;    2;   0.00;-999;eor
         73;202303311931;    2;   0.00;-999;eor
         73;202303311932;    2;   0.00;-999;eor
         73;202303311933;    2;   0.00;-999;eor
         73;202303311934;    2;   0.00;-999;eor
         73;202303311935;    2;   0.00;-999;eor
         73;202303311936;    2;   0.00;-999;eor
         73;202303311937;    2;   0.00;-999;eor
         73;202303311938;    2;   0.00;-999;eor
         73;202303311939;    2;   0.00;-999;eor
         73;202303311940;    2;   0.00;-999;eor
         73;202303311941;    2;   0.00;-999;eor
         73;202303311942;    2;   0.00;-999;eor
         73;202303311943;    2;   0.00;-999;eor
         73;202303311944;    2;   0.00;-999;eor
         73;202303311945;    2;   0.00;-999;eor
         73;202303311946;    2;   0.00;-999;eor
         73;202303311947;    2;   0.00;-999;eor
         73;202303311948;    2;   0.00;-999;eor
         73;202303311949;    2;   0.00;-999;eor
         73;202303311950;    2;   0.00;-999;eor
         73;202303311951;    2;   0.00;-999;eor
         73;202303311952;    2;   0.00;-999;eor
         73;202303311953;    2;   0.00;-999;eor
         73;202303311954;    2;   0.00;-999;eor
         73;202303311955;    2;   0.00;-999;eor
         73;202303311956;    2;   0.00;-999;eor
         73;202303311957;    2;   0.00;-999;eor
         73;202303311958;    2;   0.00;-999;eor
         73;202303311959;    2;   0.00;-999;eor
         73;202303312000;    2;   0.00;-999;eor
         73;202303312001;    2;   0.00;-999;eor
         73;202303312002;    2;   0.00;-999;eor
         73;202303312003;    2;   0.00;-999;eor
         73;202303312004;    2;   0.00;-999;eor
         73;202303312005;    2;   0.00;-999;eor
         73;202303312006;    2;   0.00;-999;eor
         73;202303312007;    2;   0.00;-999;eor
         73;202303312008;    2;   0.00;-999;eor
         73;202303312009;    2;   0.00;-999;eor
         73;202303312010;    2;   0.00;-999;eor
         73;202303312011;    2;   0.00;-999;eor
         73;202303312012;    2;   0.00;-999;eor
         73;202303312013;    2;   0.00;-999;eor
         73;202303312014;    2;   0.00;-999;eor
         73;202303312015;    2;   0.00;-999;eor
         73;202303312016;    2;   0.00;-999;eor
         73;202303312017;    2;   0.00;-999;eor
         73;202303312018;    2;   0.00;-999;eor
         73;202303312019;    2;   0.00;-999;eor
         73;202303312020;    2;   0.00;-999;eor
         73;202303312021;    2;   0.00;-999;eor
         73;202303312022;    2;   0.00;-999;eor
         73;202303312023;    2;   0.00;-999;eor
         73;202303312024;    2;   0.00;-999;eor
         73;202303312025;    2;   0.00;-999;eor
         73;202303312026;    2;   0.00;-999;eor
         73;202303312027;    2;   0.00;-999;eor
         73;202303312028;    2;   0.00;-999;eor
         73;202303312029;    2;   0.00;-999;eor
         73;202303312030;    2;   0.00;-999;eor
         73;202303312031;    2;   0.00;-999;eor
         73;202303312032;    2;   0.00;-999;eor
         73;202303312033;    2;   0.00;-999;eor
         73;202303312034;    2;   0.00;-999;eor
         73;202303312035;    2;   0.00;-999;eor
         73;202303312036;    2;   0.00;-999;eor
         73;202303312037;    2;   0.00;-999;eor
         73;202303312038;    2;   0.00;-999;eor
         73;202303312039;    2;   0.00;-999;eor
         73;202303312040;    2;   0.00;-999;eor
         73;202303312041;    2;   0.00;-999;eor
         73;202303312042;    2;   0.00;-999;eor
         73;202303312043;    2;   0.00;-999;eor
         73;202303312044;    2;   0.00;-999;eor
         73;202303312045;    2;   0.00;-999;eor
         73;202303312046;    2;   0.00;-999;eor
         73;202303312047;    2;   0.00;-999;eor
         73;202303312048;    2;   0.00;-999;eor
         73;202303312049;    2;   0.00;-999;eor
         73;202303312050;    2;   0.00;-999;eor
         73;202303312051;    2;   0.00;-999;eor
         73;202303312052;    2;   0.00;-999;eor
         73;202303312053;    2;   0.00;-999;eor
         73;202303312054;    2;   0.00;-999;eor
         73;202303312055;    2;   0.00;-999;eor
         73;202303312056;    2;   0.00;-999;eor
         73;202303312057;    2;   0.00;-999;eor
         73;202303312058;    2;   0.00;-999;eor
         73;202303312059;    2;   0.00;-999;eor
         73;202303312100;    2;   0.00;-999;eor
         73;202303312101;    2;   0.00;-999;eor
         73;202303312102;    2;   0.00;-999;eor
         73;202303312103;    2;   0.00;-999;eor
         73;202303312104;    2;   0.00;-999;eor
         73;202303312105;    2;   0.00;-999;eor
         73;202303312106;    2;   0.00;-999;eor
         73;202303312107;    2;   0.00;-999;eor
         73;202303312108;    2;   0.00;-999;eor
         73;202303312109;    2;   0.00;-999;eor
         73;202303312110;    2;   0.00;-999;eor
         73;202303312111;    2;   0.00;-999;eor
         73;202303312112;    2;   0.00;-999;eor
         73;202303312113;    2;   0.00;-999;eor
         73;202303312114;    2;   0.00;-999;eor
         73;202303312115;    2;   0.00;-999;eor
         73;202303312116;    2;   0.00;-999;eor
         73;202303312117;    2;   0.00;-999;eor
         73;202303312118;    2;   0.00;-999;eor
         73;202303312119;    2;   0.00;-999;eor
         73;202303312120;    2;   0.00;-999;eor
         73;202303312121;    2;   0.00;-999;eor
         73;202303312122;    2;   0.00;-999;eor
         73;202303312123;    2;   0.00;-999;eor
         73;202303312124;    2;   0.00;-999;eor
         73;202303312125;    2;   0.00;-999;eor
         73;202303312126;    2;   0.00;-999;eor
         73;202303312127;    2;   0.00;-999;eor
         73;202303312128;    2;   0.00;-999;eor
         73;202303312129;    2;   0.00;-999;eor
         73;202303312130;    2;   0.00;-999;eor
         73;202303312131;    2;   0.00;-999;eor
         73;202303312132;    2;   0.00;-999;eor
         73;202303312133;    2;   0.00;-999;eor
         73;202303312134;    2;   0.00;-999;eor
         73;202303312135;    2;   0.00;-999;eor
         73;202303312136;    2;   0.00;-999;eor
         73;202303312137;    2;   0.00;-999;eor
         73;202303312138;    2;   0.00;-999;eor
         73;202303312139;    2;   0.00;-999;eor
         73;202303312140;    2;   0.00;-999;eor
         73;202303312141;    2;   0.00;-999;eor
         73;202303312142;    2;   0.00;-999;eor
         73;202303312143;    2;   0.00;-999;eor
         73;202303312144;    2;   0.00;-999;eor
         73;202303312145;    2;   0.00;-999;eor
         73;202303312146;    2;   0.00;-999;eor
         73;202303312147;    2;   0.00;-999;eor
         73;202303312148;    2;   0.00;-999;eor
         73;202303312149;    2;   0.00;-999;eor
         73;202303312150;    2;   0.00;-999;eor
         73;202303312151;    2;   0.00;-999;eor
         73;202303312152;    2;   0.00;-999;eor
         73;202303312153;    2;   0.00;-999;eor
         73;202303312154;    2;   0.00;-999;eor
         73;202303312155;    2;   0.00;-999;eor
         73;202303312156;    2;   0.00;-999;eor
         73;202303312157;    2;   0.00;-999;eor
         73;202303312158;    2;   0.00;-999;eor
         73;202303312159;    2;   0.00;-999;eor
         73;202303312200;    2;   0.00;-999;eor
         73;202303312201;    2;   0.00;-999;eor
         73;202303312202;    2;   0.00;-999;eor
         73;202303312203;    2;   0.00;-999;eor
         73;202303312204;    2;   0.00;-999;eor
         73;202303312205;    2;   0.00;-999;eor
         73;202303312206;    2;   0.00;-999;eor
         73;202303312207;    2;   0.00;-999;eor
         73;202303312208;    2;   0.00;-999;eor
         73;202303312209;    2;   0.00;-999;eor
         73;202303312210;    2;   0.00;-999;eor
         73;202303312211;    2;   0.00;-999;eor
         73;202303312212;    2;   0.00;-999;eor
         73;202303312213;    2;   0.00;-999;eor
         73;202303312214;    2;   0.00;-999;eor
         73;202303312215;    2;   0.00;-999;eor
         73;202303312216;    2;   0.00;-999;eor
         73;202303312217;    2;   0.00;-999;eor
         73;202303312218;    2;   0.00;-999;eor
         73;202303312219;    2;   0.00;-999;eor
         73;202303312220;    2;   0.00;-999;eor
         73;202303312221;    2;   0.00;-999;eor
         73;202303312222;    2;   0.00;-999;eor
         73;202303312223;    2;   0.00;-999;eor
         73;202303312224;    2;   0.00;-999;eor
         73;202303312225;    2;   0.00;-999;eor
         73;202303312226;    2;   0.00;-999;eor
         73;202303312227;    2;   0.00;-999;eor
         73;202303312228;    2;   0.00;-999;eor
         73;202303312229;    2;   0.00;-999;eor
         73;202303312230;    2;   0.00;-999;eor
         73;202303312231;    2;   0.00;-999;eor
         73;202303312232;    2;   0.00;-999;eor
         73;202303312233;    2;   0.00;-999;eor
         73;202303312234;    2;   0.00;-999;eor
         73;202303312235;    2;   0.00;-999;eor
         73;202303312236;    2;   0.00;-999;eor
         73;202303312237;    2;   0.00;-999;eor
         73;202303312238;    2;   0.00;-999;eor
         73;202303312239;    2;   0.00;-999;eor
         73;202303312240;    2;   0.00;-999;eor
         73;202303312241;    2;   0.00;-999;eor
         73;202303312242;    2;   0.00;-999;eor
         73;202303312243;    2;   0.00;-999;eor
         73;202303312244;    2;   0.00;-999;eor
         73;202303312245;    2;   0.00;-999;eor
         73;202303312246;    2;   0.00;-999;eor
         73;202303312247;    2;   0.00;-999;eor
         73;202303312248;    2;   0.00;-999;eor
         73;202303312249;    2;   0.00;-999;eor
         73;202303312250;    2;   0.00;-999;eor
         73;202303312251;    2;   0.00;-999;eor
         73;202303312252;    2;   0.00;-999;eor
         73;202303312253;    2;   0.00;-999;eor
         73;202303312254;    2;   0.00;-999;eor
         73;202303312255;    2;   0.00;-999;eor
         73;202303312256;    2;   0.00;-999;eor
         73;202303312257;    2;   0.00;-999;eor
         73;202303312258;    2;   0.00;-999;eor
         73;202303312259;    2;   0.00;-999;eor
         73;202303312300;    2;   0.00;-999;eor
         73;202303312301;    2;   0.00;-999;eor
         73;202303312302;    2;   0.00;-999;eor
         73;202303312303;    2;   0.00;-999;eor
         73;202303312304;    2;   0.00;-999;eor
         73;202303312305;    2;   0.00;-999;eor
         73;202303312306;    2;   0.00;-999;eor
         73;202303312307;    2;   0.00;-999;eor
         73;202303312308;    2;   0.00;-999;eor
         73;202303312309;    2;   0.00;-999;eor
         73;202303312310;    2;   0.00;-999;eor
         73;202303312311;    2;   0.00;-999;eor
         73;202303312312;    2;   0.00;-999;eor
         73;202303312313;    2;   0.00;-999;eor
         73;202303312314;    2;   0.00;-999;eor
         73;202303312315;    2;   0.00;-999;eor
         73;202303312316;    2;   0.00;-999;eor
         73;202303312317;    2;   0.00;-999;eor
         73;202303312318;    2;   0.00;-999;eor
         73;202303312319;    2;   0.00;-999;eor
         73;202303312320;    2;   0.00;-999;eor
         73;202303312321;    2;   0.00;-999;eor
         73;202303312322;    2;   0.00;-999;eor
         73;202303312323;    2;   0.00;-999;eor
         73;202303312324;    2;   0.00;-999;eor
         73;202303312325;    2;   0.00;-999;eor
         73;202303312326;    2;   0.00;-999;eor
         73;202303312327;    2;   0.00;-999;eor
         73;202303312328;    2;   0.00;-999;eor
         73;202303312329;    2;   0.00;-999;eor
         73;202303312330;    2;   0.00;-999;eor
         73;202303312331;    2;   0.00;-999;eor
         73;202303312332;    2;   0.00;-999;eor
         73;202303312333;    2;   0.00;-999;eor
         73;202303312334;    2;   0.00;-999;eor
         73;202303312335;    2;   0.00;-999;eor
         73;202303312336;    2;   0.00;-999;eor
         73;202303312337;    2;   0.00;-999;eor
         73;202303312338;    2;   0.00;-999;eor
         73;202303312339;    2;   0.00;-999;eor
         73;202303312340;    2;   0.00;-999;eor
         73;202303312341;    2;   0.00;-999;eor
         73;202303312342;    2;   0.00;-999;eor
         73;202303312343;    2;   0.00;-999;eor
         73;202303312344;    2;   0.00;-999;eor
         73;202303312345;    2;   0.00;-999;eor
         73;202303312346;    2;   0.00;-999;eor
         73;202303312347;    2;   0.00;-999;eor
         73;202303312348;    2;   0.00;-999;eor
         73;202303312349;    2;   0.00;-999;eor
         73;202303312350;    2;   0.00;-999;eor
         73;202303312351;    2;   0.00;-999;eor
         73;202303312352;    2;   0.00;-999;eor
         73;202303312353;    2;   0.00;-999;eor
         73;202303312354;    2;   0.00;-999;eor
         73;202303312355;    2;   0.00;-999;eor
         73;202303312356;    2;   0.00;-999;eor
         73;202303312357;    2;   0.00;-999;eor
         73;202303312358;    2;   0.00;-999;eor
         73;202303312359;    2;   0.00;-999;eor
         73;202304010000;    2;   0.00;-999;eor
         73;202304010001;    2;   0.00;-999;eor
         73;202304010002;    2;   0.00;-999;eor
         73;202304010003;    2;   0.00;-999;eor
         73;202304010004;    2;   0.00;-999;eor
         73;202304010005;    2;   0.00;-999;eor
         73;202304010006;    2;   0.00;-999;eor
         73;202304010007;    2;   0.00;-999;eor
         73;202304010008;    2;   0.00;-999;eor
         73;202304010009;    2;   0.00;-999;eor
         73;202304010010;    2;   0.00;-999;eor
         73;202304010011;    2;   0.00;-999;eor
         73;202304010012;    2;   0.00;-999;eor
         73;202304010013;    2;   0.00;-999;eor
         73;202304010014;    2;   0.00;-999;eor
         73;202304010015;    2;   0.00;-999;eor
         73;202304010016;    2;   0.00;-999;eor
         73;202304010017;    2;   0.00;-999;eor
         73;202304010018;    2;   0.00;-999;eor
         73;202304010019;    2;   0.00;-999;eor
         73;202304010020;    2;   0.00;-999;eor
         73;202304010021;    2;   0.00;-999;eor
         73;202304010022;    2;   0.00;-999;eor
         73;202304010023;    2;   0.00;-999;eor
         73;202304010024;    2;   0.00;-999;eor
         73;202304010025;    2;   0.00;-999;eor
         73;202304010026;    2;   0.00;-999;eor
         73;202304010027;    2;   0.00;-999;eor
         73;202304010028;    2;   0.00;-999;eor
         73;202304010029;    2;   0.00;-999;eor
         73;202304010030;    2;   0.00;-999;eor
         73;202304010031;    2;   0.00;-999;eor
         73;202304010032;    2;   0.00;-999;eor
         73;202304010033;    2;   0.00;-999;eor
         73;202304010034;    2;   0.00;-999;eor
         73;202304010035;    2;   0.00;-999;eor
         73;202304010036;    2;   0.00;-999;eor
         73;202304010037;    2;   0.00;-999;eor
         73;202304010038;    2;   0.00;-999;eor
         73;202304010039;    2;   0.00;-999;eor
         73;202304010040;    2;   0.00;-999;eor
         73;202304010041;    2;   0.00;-999;eor
         73;202304010042;    2;   0.00;-999;eor
         73;202304010043;    2;   0.00;-999;eor
         73;202304010044;    2;   0.00;-999;eor
         73;202304010045;    2;   0.00;-999;eor
         73;202304010046;    2;   0.00;-999;eor
         73;202304010047;    2;   0.00;-999;eor
         73;202304010048;    2;   0.00;-999;eor
         73;202304010049;    2;   0.00;-999;eor
         73;202304010050;    2;   0.00;-999;eor
         73;202304010051;    2;   0.00;-999;eor
         73;202304010052;    2;   0.00;-999;eor
         73;202304010053;    2;   0.00;-999;eor
         73;202304010054;    2;   0.00;-999;eor
         73;202304010055;    2;   0.00;-999;eor
         73;202304010056;    2;   0.00;-999;eor
         73;202304010057;    2;   0.00;-999;eor
         73;202304010058;    2;   0.00;-999;eor
         73;202304010059;    2;   0.00;-999;eor
         73;202304010100;    2;   0.00;-999;eor
         73;202304010101;    2;   0.00;-999;eor
         73;202304010102;    2;   0.00;-999;eor
         73;202304010103;    2;   0.00;-999;eor
         73;202304010104;    2;   0.00;-999;eor
         73;202304010105;    2;   0.00;-999;eor
         73;202304010106;    2;   0.00;-999;eor
         73;202304010107;    2;   0.00;-999;eor
         73;202304010108;    2;   0.00;-999;eor
         73;202304010109;    2;   0.00;-999;eor
         73;202304010110;    2;   0.00;-999;eor
         73;202304010111;    2;   0.00;-999;eor
         73;202304010112;    2;   0.00;-999;eor
         73;202304010113;    2;   0.00;-999;eor
         73;202304010114;    2;   0.00;-999;eor
         73;202304010115;    2;   0.00;-999;eor
         73;202304010116;    2;   0.00;-999;eor
         73;202304010117;    2;   0.00;-999;eor
         73;202304010118;    2;   0.00;-999;eor
         73;202304010119;    2;   0.00;-999;eor
         73;202304010120;    2;   0.00;-999;eor
         73;202304010121;    2;   0.00;-999;eor
         73;202304010122;    2;   0.00;-999;eor
         73;202304010123;    2;   0.00;-999;eor
         73;202304010124;    2;   0.00;-999;eor
         73;202304010125;    2;   0.00;-999;eor
         73;202304010126;    2;   0.00;-999;eor
         73;202304010127;    2;   0.00;-999;eor
         73;202304010128;    2;   0.00;-999;eor
         73;202304010129;    2;   0.00;-999;eor
         73;202304010130;    2;   0.00;-999;eor
         73;202304010131;    2;   0.00;-999;eor
         73;202304010132;    2;   0.00;-999;eor
         73;202304010133;    2;   0.00;-999;eor
         73;202304010134;    2;   0.00;-999;eor
         73;202304010135;    2;   0.00;-999;eor
         73;202304010136;    2;   0.00;-999;eor
         73;202304010137;    2;   0.00;-999;eor
         73;202304010138;    2;   0.00;-999;eor
         73;202304010139;    2;   0.00;-999;eor
         73;202304010140;    2;   0.00;-999;eor
         73;202304010141;    2;   0.00;-999;eor
         73;202304010142;    2;   0.00;-999;eor
         73;202304010143;    2;   0.00;-999;eor
         73;202304010144;    2;   0.00;-999;eor
         73;202304010145;    2;   0.00;-999;eor
         73;202304010146;    2;   0.00;-999;eor
         73;202304010147;    2;   0.00;-999;eor
         73;202304010148;    2;   0.00;-999;eor
         73;202304010149;    2;   0.00;-999;eor
         73;202304010150;    2;   0.00;-999;eor
         73;202304010151;    2;   0.00;-999;eor
         73;202304010152;    2;   0.00;-999;eor
         73;202304010153;    2;   0.00;-999;eor
         73;202304010154;    2;   0.00;-999;eor
         73;202304010155;    2;   0.00;-999;eor
         73;202304010156;    2;   0.00;-999;eor
         73;202304010157;    2;   0.00;-999;eor
         73;202304010158;    2;   0.00;-999;eor
         73;202304010159;    2;   0.00;-999;eor
         73;202304010200;    2;   0.00;-999;eor
         73;202304010201;    2;   0.00;-999;eor
         73;202304010202;    2;   0.00;-999;eor
         73;202304010203;    2;   0.00;-999;eor
         73;202304010204;    2;   0.00;-999;eor
         73;202304010205;    2;   0.00;-999;eor
         73;202304010206;    2;   0.00;-999;eor
         73;202304010207;    2;   0.00;-999;eor
         73;202304010208;    2;   0.00;-999;eor
         73;202304010209;    2;   0.00;-999;eor
         73;202304010210;    2;   0.00;-999;eor
         73;202304010211;    2;   0.00;-999;eor
         73;202304010212;    2;   0.00;-999;eor
         73;202304010213;    2;   0.00;-999;eor
         73;202304010214;    2;   0.00;-999;eor
         73;202304010215;    2;   0.00;-999;eor
         73;202304010216;    2;   0.00;-999;eor
         73;202304010217;    2;   0.00;-999;eor
         73;202304010218;    2;   0.00;-999;eor
         73;202304010219;    2;   0.00;-999;eor
         73;202304010220;    2;   0.00;-999;eor
         73;202304010221;    2;   0.00;-999;eor
         73;202304010222;    2;   0.00;-999;eor
         73;202304010223;    2;   0.00;-999;eor
         73;202304010224;    2;   0.00;-999;eor
         73;202304010225;    2;   0.00;-999;eor
         73;202304010226;    2;   0.00;-999;eor
         73;202304010227;    2;   0.00;-999;eor
         73;202304010228;    2;   0.00;-999;eor
         73;202304010229;    2;   0.00;-999;eor
         73;202304010230;    2;   0.00;-999;eor
         73;202304010231;    2;   0.00;-999;eor
         73;202304010232;    2;   0.00;-999;eor
         73;202304010233;    2;   0.00;-999;eor
         73;202304010234;    2;   0.00;-999;eor
         73;202304010235;    2;   0.00;-999;eor
         73;202304010236;    2;   0.00;-999;eor
         73;202304010237;    2;   0.00;-999;eor
         73;202304010238;    2;   0.00;-999;eor
         73;202304010239;    2;   0.00;-999;eor
         73;202304010240;    2;   0.00;-999;eor
         73;202304010241;    2;   0.00;-999;eor
         73;202304010242;    2;   0.00;-999;eor
         73;202304010243;    2;   0.00;-999;eor
         73;202304010244;    2;   0.00;-999;eor
         73;202304010245;    2;   0.00;-999;eor
         73;202304010246;    2;   0.00;-999;eor
         73;202304010247;    2;   0.00;-999;eor
         73;202304010248;    2;   0.00;-999;eor
         73;202304010249;    2;   0.00;-999;eor
         73;202304010250;    2;   0.00;-999;eor
         73;202304010251;    2;   0.00;-999;eor
         73;202304010252;    2;   0.00;-999;eor
         73;202304010253;    2;   0.00;-999;eor
         73;202304010254;    2;   0.00;-999;eor
         73;202304010255;    2;   0.00;-999;eor
         73;202304010256;    2;   0.00;-999;eor
         73;202304010257;    2;   0.00;-999;eor
         73;202304010258;    2;   0.00;-999;eor
         73;202304010259;    2;   0.00;-999;eor
         73;202304010300;    2;   0.00;-999;eor
         73;202304010301;    2;   0.00;-999;eor
         73;202304010302;    2;   0.00;-999;eor
         73;202304010303;    2;   0.00;-999;eor
         73;202304010304;    2;   0.00;-999;eor
         73;202304010305;    2;   0.00;-999;eor
         73;202304010306;    2;   0.00;-999;eor
         73;202304010307;    2;   0.00;-999;eor
         73;202304010308;    2;   0.00;-999;eor
         73;202304010309;    2;   0.00;-999;eor
         73;202304010310;    2;   0.00;-999;eor
         73;202304010311;    2;   0.00;-999;eor
         73;202304010312;    2;   0.00;-999;eor
         73;202304010313;    2;   0.00;-999;eor
         73;202304010314;    2;   0.00;-999;eor
         73;202304010315;    2;   0.00;-999;eor
         73;202304010316;    2;   0.00;-999;eor
         73;202304010317;    2;   0.00;-999;eor
         73;202304010318;    2;   0.00;-999;eor
         73;202304010319;    2;   0.00;-999;eor
         73;202304010320;    2;   0.00;-999;eor
         73;202304010321;    2;   0.00;-999;eor
         73;202304010322;    2;   0.00;-999;eor
         73;202304010323;    2;   0.00;-999;eor
         73;202304010324;    2;   0.00;-999;eor
         73;202304010325;    2;   0.00;-999;eor
         73;202304010326;    2;   0.00;-999;eor
         73;202304010327;    2;   0.00;-999;eor
         73;202304010328;    2;   0.00;-999;eor
         73;202304010329;    2;   0.00;-999;eor
         73;202304010330;    2;   0.00;-999;eor
         73;202304010331;    2;   0.00;-999;eor
         73;202304010332;    2;   0.00;-999;eor
         73;202304010333;    2;   0.00;-999;eor
         73;202304010334;    2;   0.00;-999;eor
         73;202304010335;    2;   0.00;-999;eor
         73;202304010336;    2;   0.00;-999;eor
         73;202304010337;    2;   0.00;-999;eor
         73;202304010338;    2;   0.00;-999;eor
         73;202304010339;    2;   0.00;-999;eor
         73;202304010340;    2;   0.00;-999;eor
         73;202304010341;    2;   0.00;-999;eor
         73;202304010342;    2;   0.00;-999;eor
         73;202304010343;    2;   0.00;-999;eor
         73;202304010344;    2;   0.00;-999;eor
         73;202304010345;    2;   0.00;-999;eor
         73;202304010346;    2;   0.00;-999;eor
         73;202304010347;    2;   0.00;-999;eor
         73;202304010348;    2;   0.00;-999;eor
         73;202304010349;    2;   0.00;-999;eor
         73;202304010350;    2;   0.00;-999;eor
         73;202304010351;    2;   0.00;-999;eor
         73;202304010352;    2;   0.00;-999;eor
         73;202304010353;    2;   0.00;-999;eor
         73;202304010354;    2;   0.00;-999;eor
         73;202304010355;    2;   0.00;-999;eor
         73;202304010356;    2;   0.00;-999;eor
         73;202304010357;    2;   0.00;-999;eor
         73;202304010358;    2;   0.00;-999;eor
         73;202304010359;    2;   0.00;-999;eor
         73;202304010400;    2;   0.00;-999;eor
         73;202304010401;    2;   0.00;-999;eor
         73;202304010402;    2;   0.00;-999;eor
         73;202304010403;    2;   0.00;-999;eor
         73;202304010404;    2;   0.00;-999;eor
         73;202304010405;    2;   0.00;-999;eor
         73;202304010406;    2;   0.00;-999;eor
         73;202304010407;    2;   0.00;-999;eor
         73;202304010408;    2;   0.00;-999;eor
         73;202304010409;    2;   0.00;-999;eor
         73;202304010410;    2;   0.00;-999;eor
         73;202304010411;    2;   0.00;-999;eor
         73;202304010412;    2;   0.00;-999;eor
         73;202304010413;    2;   0.00;-999;eor
         73;202304010414;    2;   0.00;-999;eor
         73;202304010415;    2;   0.00;-999;eor
         73;202304010416;    2;   0.00;-999;eor
         73;202304010417;    2;   0.00;-999;eor
         73;202304010418;    2;   0.00;-999;eor
         73;202304010419;    2;   0.00;-999;eor
         73;202304010420;    2;   0.00;-999;eor
         73;202304010421;    2;   0.00;-999;eor
         73;202304010422;    2;   0.00;-999;eor
